|# MH=  120.0000
 ============================
 SM parameters
 ----------------------------
 1/Alfa =   137.0359895000000     
 Alfas =  9.4365201157659850E-002
 GF =  1.1663899999999998E-005
 SW2 =  0.2216382633189284     
 ----------------------------
 Gauge-boson masses:
 MW =   80.45000000000000     
 MZ =   91.18750000000000     
 ----------------------------
 Fermion masses:
 ME =  5.1099907000000000E-004
 MM =  0.1056583890000000     
 ML =   1.777000000000000     
 MU =  5.3800000000000008E-002
 MC =   1.500000000000000     
 MT =   170.9000000000000     
 MD =  5.3800000000000008E-002
 MS =  0.1500000000000000     
 MB =   4.700000000000000     
 ----------------------------
 Higgs mass:
 MH =   120.0000000000000     
 ============================
 Discrepancy in D0:
   p1   =  0.0000000000000000E+000
   p2   =  0.0000000000000000E+000
   p3   =  0.0000000000000000E+000
   p4   =  0.0000000000000000E+000
   p1p2 =  -1250.000000000001     
   p2p3 =   250000.0000000000     
   m1   =  2.6112004954086494E-007
   m2   =  2.6112004954086494E-007
   m3   =  2.6112004954086494E-007
   m4   =  2.6112004954086494E-007
 D0 a   = (-3.9037959159874669E-006,4.4815064291698707E-007)
 D0 b   = (-3.9037959159874678E-006,4.4815064573831220E-007)
|     500.0000000      -0.9900000000    
|+      0.000000000000000E+00   0.316785966975565E-01
|+      0.000000000000000E+00   0.000000000000000E+00
 Discrepancy in D0:
   p1   =  0.0000000000000000E+000
   p2   =  0.0000000000000000E+000
   p3   =  0.0000000000000000E+000
   p4   =  0.0000000000000000E+000
   p1p2 =  -83750.00000000000     
   p2p3 =   250000.0000000000     
   m1   =  2.6112004954086494E-007
   m2   =  2.6112004954086494E-007
   m3   =  2.6112004954086494E-007
   m4   =  2.6112004954086494E-007
 D0 a   = (-6.9345917820418235E-008,7.9506120049606803E-009)
 D0 b   = (-6.9345917820418235E-008,7.9506154887833969E-009)
|     500.0000000      -0.3300000000    
|+      0.000000000000000E+00   0.425091593252119E-02
|+      0.000000000000000E+00   0.000000000000000E+00
 Discrepancy in D0:
   p1   =  0.0000000000000000E+000
   p2   =  0.0000000000000000E+000
   p3   =  0.0000000000000000E+000
   p4   =  0.0000000000000000E+000
   p1p2 =  -166250.0000000000     
   p2p3 =   250000.0000000000     
   m1   =  2.6112004954086494E-007
   m2   =  2.6112004954086494E-007
   m3   =  2.6112004954086494E-007
   m4   =  2.6112004954086494E-007
 D0 a   = (-3.5843879811706669E-008,4.1088492212069285E-009)
 D0 b   = (-3.5843879811706643E-008,4.1088496316457848E-009)
|     500.0000000       0.3300000000    
|+      0.000000000000000E+00   0.425091593252119E-02
|+      0.000000000000000E+00   0.000000000000000E+00
 Discrepancy in D0:
   p1   =  0.0000000000000000E+000
   p2   =  0.0000000000000000E+000
   p3   =  0.0000000000000000E+000
   p4   =  0.0000000000000000E+000
   p1p2 =  -248750.0000000000     
   p2p3 =   250000.0000000000     
   m1   =  2.6112004954086494E-007
   m2   =  2.6112004954086494E-007
   m3   =  2.6112004954086494E-007
   m4   =  2.6112004954086494E-007
 D0 a   = (-2.4313476770384486E-008,2.7868283990881562E-009)
 D0 b   = (-2.4313476770384463E-008,2.7868437679886773E-009)
 Discrepancy in D0:
   p1   =  0.0000000000000000E+000
   p2   =  0.0000000000000000E+000
   p3   =  0.0000000000000000E+000
   p4   =  0.0000000000000000E+000
   p1p2 =  -248750.0000000000     
   p2p3 =   250000.0000000000     
   m1   =  2.8944399999999998E-003
   m2   =  2.8944399999999998E-003
   m3   =  2.8944399999999998E-003
   m4   =  2.8944399999999998E-003
 D0 a   = (-1.0578307402227933E-008,1.8458462434010276E-009)
 D0 b   = (-1.0578307402227947E-008,1.8458462447566628E-009)
|     500.0000000       0.9900000000    
|+      0.000000000000000E+00   0.316785966975542E-01
|+      0.000000000000000E+00   0.000000000000000E+00
|
|

